{
 "cells": [
  {
   "cell_type": "code",
   "execution_count": 83,
   "id": "059fe192",
   "metadata": {},
   "outputs": [],
   "source": [
    "# import important libraries\n",
    "\n",
    "import pandas as pd\n",
    "import numpy as np\n",
    "import random\n",
    "from itertools import combinations\n",
    "\n",
    "import gurobipy as gp\n",
    "from gurobipy import GRB"
   ]
  },
  {
   "cell_type": "code",
   "execution_count": 84,
   "id": "a827516e",
   "metadata": {},
   "outputs": [
    {
     "data": {
      "text/html": [
       "<div>\n",
       "<style scoped>\n",
       "    .dataframe tbody tr th:only-of-type {\n",
       "        vertical-align: middle;\n",
       "    }\n",
       "\n",
       "    .dataframe tbody tr th {\n",
       "        vertical-align: top;\n",
       "    }\n",
       "\n",
       "    .dataframe thead th {\n",
       "        text-align: right;\n",
       "    }\n",
       "</style>\n",
       "<table border=\"1\" class=\"dataframe\">\n",
       "  <thead>\n",
       "    <tr style=\"text-align: right;\">\n",
       "      <th></th>\n",
       "      <th>Bartın</th>\n",
       "      <th>Amasya</th>\n",
       "      <th>Samsun</th>\n",
       "      <th>Tunceli</th>\n",
       "      <th>Düzce</th>\n",
       "      <th>Adıyaman</th>\n",
       "      <th>Gaziantep</th>\n",
       "      <th>Tokat</th>\n",
       "      <th>Şanlıurfa</th>\n",
       "      <th>Kars</th>\n",
       "      <th>Diyarbakır</th>\n",
       "      <th>Osmaniye</th>\n",
       "      <th>Zonguldak</th>\n",
       "      <th>Şırnak</th>\n",
       "      <th>Konya</th>\n",
       "    </tr>\n",
       "    <tr>\n",
       "      <th>İL ADI</th>\n",
       "      <th></th>\n",
       "      <th></th>\n",
       "      <th></th>\n",
       "      <th></th>\n",
       "      <th></th>\n",
       "      <th></th>\n",
       "      <th></th>\n",
       "      <th></th>\n",
       "      <th></th>\n",
       "      <th></th>\n",
       "      <th></th>\n",
       "      <th></th>\n",
       "      <th></th>\n",
       "      <th></th>\n",
       "      <th></th>\n",
       "    </tr>\n",
       "  </thead>\n",
       "  <tbody>\n",
       "    <tr>\n",
       "      <th>Bartın</th>\n",
       "      <td>1.000000e+09</td>\n",
       "      <td>4.350000e+02</td>\n",
       "      <td>4.810000e+02</td>\n",
       "      <td>9.330000e+02</td>\n",
       "      <td>2.030000e+02</td>\n",
       "      <td>1.038000e+03</td>\n",
       "      <td>9.540000e+02</td>\n",
       "      <td>5.490000e+02</td>\n",
       "      <td>1.091000e+03</td>\n",
       "      <td>1.192000e+03</td>\n",
       "      <td>1.135000e+03</td>\n",
       "      <td>8.560000e+02</td>\n",
       "      <td>8.900000e+01</td>\n",
       "      <td>1.417000e+03</td>\n",
       "      <td>5.370000e+02</td>\n",
       "    </tr>\n",
       "    <tr>\n",
       "      <th>Amasya</th>\n",
       "      <td>4.350000e+02</td>\n",
       "      <td>1.000000e+09</td>\n",
       "      <td>1.310000e+02</td>\n",
       "      <td>4.980000e+02</td>\n",
       "      <td>4.540000e+02</td>\n",
       "      <td>6.340000e+02</td>\n",
       "      <td>6.070000e+02</td>\n",
       "      <td>1.140000e+02</td>\n",
       "      <td>7.180000e+02</td>\n",
       "      <td>7.570000e+02</td>\n",
       "      <td>7.000000e+02</td>\n",
       "      <td>6.290000e+02</td>\n",
       "      <td>4.860000e+02</td>\n",
       "      <td>9.820000e+02</td>\n",
       "      <td>5.120000e+02</td>\n",
       "    </tr>\n",
       "    <tr>\n",
       "      <th>Samsun</th>\n",
       "      <td>4.810000e+02</td>\n",
       "      <td>1.310000e+02</td>\n",
       "      <td>1.000000e+09</td>\n",
       "      <td>5.770000e+02</td>\n",
       "      <td>5.170000e+02</td>\n",
       "      <td>7.520000e+02</td>\n",
       "      <td>7.250000e+02</td>\n",
       "      <td>2.300000e+02</td>\n",
       "      <td>8.360000e+02</td>\n",
       "      <td>7.620000e+02</td>\n",
       "      <td>8.180000e+02</td>\n",
       "      <td>7.470000e+02</td>\n",
       "      <td>5.490000e+02</td>\n",
       "      <td>1.098000e+03</td>\n",
       "      <td>5.920000e+02</td>\n",
       "    </tr>\n",
       "    <tr>\n",
       "      <th>Tunceli</th>\n",
       "      <td>9.330000e+02</td>\n",
       "      <td>4.980000e+02</td>\n",
       "      <td>5.770000e+02</td>\n",
       "      <td>1.000000e+09</td>\n",
       "      <td>9.520000e+02</td>\n",
       "      <td>4.190000e+02</td>\n",
       "      <td>4.810000e+02</td>\n",
       "      <td>4.370000e+02</td>\n",
       "      <td>4.530000e+02</td>\n",
       "      <td>4.430000e+02</td>\n",
       "      <td>2.770000e+02</td>\n",
       "      <td>5.390000e+02</td>\n",
       "      <td>9.840000e+02</td>\n",
       "      <td>5.210000e+02</td>\n",
       "      <td>8.780000e+02</td>\n",
       "    </tr>\n",
       "    <tr>\n",
       "      <th>Düzce</th>\n",
       "      <td>2.030000e+02</td>\n",
       "      <td>4.540000e+02</td>\n",
       "      <td>5.170000e+02</td>\n",
       "      <td>9.520000e+02</td>\n",
       "      <td>1.000000e+09</td>\n",
       "      <td>9.910000e+02</td>\n",
       "      <td>9.070000e+02</td>\n",
       "      <td>5.680000e+02</td>\n",
       "      <td>1.044000e+03</td>\n",
       "      <td>1.211000e+03</td>\n",
       "      <td>1.146000e+03</td>\n",
       "      <td>8.090000e+02</td>\n",
       "      <td>1.140000e+02</td>\n",
       "      <td>1.415000e+03</td>\n",
       "      <td>4.900000e+02</td>\n",
       "    </tr>\n",
       "    <tr>\n",
       "      <th>Adıyaman</th>\n",
       "      <td>1.038000e+03</td>\n",
       "      <td>6.340000e+02</td>\n",
       "      <td>7.520000e+02</td>\n",
       "      <td>4.190000e+02</td>\n",
       "      <td>9.910000e+02</td>\n",
       "      <td>1.000000e+09</td>\n",
       "      <td>1.500000e+02</td>\n",
       "      <td>5.220000e+02</td>\n",
       "      <td>1.100000e+02</td>\n",
       "      <td>7.320000e+02</td>\n",
       "      <td>2.050000e+02</td>\n",
       "      <td>2.460000e+02</td>\n",
       "      <td>1.023000e+03</td>\n",
       "      <td>4.800000e+02</td>\n",
       "      <td>6.890000e+02</td>\n",
       "    </tr>\n",
       "    <tr>\n",
       "      <th>Gaziantep</th>\n",
       "      <td>9.540000e+02</td>\n",
       "      <td>6.070000e+02</td>\n",
       "      <td>7.250000e+02</td>\n",
       "      <td>4.810000e+02</td>\n",
       "      <td>9.070000e+02</td>\n",
       "      <td>1.500000e+02</td>\n",
       "      <td>1.000000e+09</td>\n",
       "      <td>4.950000e+02</td>\n",
       "      <td>1.370000e+02</td>\n",
       "      <td>8.400000e+02</td>\n",
       "      <td>3.130000e+02</td>\n",
       "      <td>1.220000e+02</td>\n",
       "      <td>9.390000e+02</td>\n",
       "      <td>5.080000e+02</td>\n",
       "      <td>5.650000e+02</td>\n",
       "    </tr>\n",
       "    <tr>\n",
       "      <th>Tokat</th>\n",
       "      <td>5.490000e+02</td>\n",
       "      <td>1.140000e+02</td>\n",
       "      <td>2.300000e+02</td>\n",
       "      <td>4.370000e+02</td>\n",
       "      <td>5.680000e+02</td>\n",
       "      <td>5.220000e+02</td>\n",
       "      <td>4.950000e+02</td>\n",
       "      <td>1.000000e+09</td>\n",
       "      <td>6.060000e+02</td>\n",
       "      <td>6.960000e+02</td>\n",
       "      <td>5.880000e+02</td>\n",
       "      <td>5.170000e+02</td>\n",
       "      <td>6.000000e+02</td>\n",
       "      <td>8.700000e+02</td>\n",
       "      <td>5.560000e+02</td>\n",
       "    </tr>\n",
       "    <tr>\n",
       "      <th>Şanlıurfa</th>\n",
       "      <td>1.091000e+03</td>\n",
       "      <td>7.180000e+02</td>\n",
       "      <td>8.360000e+02</td>\n",
       "      <td>4.530000e+02</td>\n",
       "      <td>1.044000e+03</td>\n",
       "      <td>1.100000e+02</td>\n",
       "      <td>1.370000e+02</td>\n",
       "      <td>6.060000e+02</td>\n",
       "      <td>1.000000e+09</td>\n",
       "      <td>7.030000e+02</td>\n",
       "      <td>1.760000e+02</td>\n",
       "      <td>2.590000e+02</td>\n",
       "      <td>1.076000e+03</td>\n",
       "      <td>3.710000e+02</td>\n",
       "      <td>7.020000e+02</td>\n",
       "    </tr>\n",
       "    <tr>\n",
       "      <th>Kars</th>\n",
       "      <td>1.192000e+03</td>\n",
       "      <td>7.570000e+02</td>\n",
       "      <td>7.620000e+02</td>\n",
       "      <td>4.430000e+02</td>\n",
       "      <td>1.211000e+03</td>\n",
       "      <td>7.320000e+02</td>\n",
       "      <td>8.400000e+02</td>\n",
       "      <td>6.960000e+02</td>\n",
       "      <td>7.030000e+02</td>\n",
       "      <td>1.000000e+09</td>\n",
       "      <td>5.270000e+02</td>\n",
       "      <td>9.240000e+02</td>\n",
       "      <td>1.243000e+03</td>\n",
       "      <td>6.240000e+02</td>\n",
       "      <td>1.137000e+03</td>\n",
       "    </tr>\n",
       "    <tr>\n",
       "      <th>Diyarbakır</th>\n",
       "      <td>1.135000e+03</td>\n",
       "      <td>7.000000e+02</td>\n",
       "      <td>8.180000e+02</td>\n",
       "      <td>2.770000e+02</td>\n",
       "      <td>1.146000e+03</td>\n",
       "      <td>2.050000e+02</td>\n",
       "      <td>3.130000e+02</td>\n",
       "      <td>5.880000e+02</td>\n",
       "      <td>1.760000e+02</td>\n",
       "      <td>5.270000e+02</td>\n",
       "      <td>1.000000e+09</td>\n",
       "      <td>4.350000e+02</td>\n",
       "      <td>1.178000e+03</td>\n",
       "      <td>2.820000e+02</td>\n",
       "      <td>8.780000e+02</td>\n",
       "    </tr>\n",
       "    <tr>\n",
       "      <th>Osmaniye</th>\n",
       "      <td>8.560000e+02</td>\n",
       "      <td>6.290000e+02</td>\n",
       "      <td>7.470000e+02</td>\n",
       "      <td>5.390000e+02</td>\n",
       "      <td>8.090000e+02</td>\n",
       "      <td>2.460000e+02</td>\n",
       "      <td>1.220000e+02</td>\n",
       "      <td>5.170000e+02</td>\n",
       "      <td>2.590000e+02</td>\n",
       "      <td>9.240000e+02</td>\n",
       "      <td>4.350000e+02</td>\n",
       "      <td>1.000000e+09</td>\n",
       "      <td>8.410000e+02</td>\n",
       "      <td>6.300000e+02</td>\n",
       "      <td>4.430000e+02</td>\n",
       "    </tr>\n",
       "    <tr>\n",
       "      <th>Zonguldak</th>\n",
       "      <td>8.900000e+01</td>\n",
       "      <td>4.860000e+02</td>\n",
       "      <td>5.490000e+02</td>\n",
       "      <td>9.840000e+02</td>\n",
       "      <td>1.140000e+02</td>\n",
       "      <td>1.023000e+03</td>\n",
       "      <td>9.390000e+02</td>\n",
       "      <td>6.000000e+02</td>\n",
       "      <td>1.076000e+03</td>\n",
       "      <td>1.243000e+03</td>\n",
       "      <td>1.178000e+03</td>\n",
       "      <td>8.410000e+02</td>\n",
       "      <td>1.000000e+09</td>\n",
       "      <td>1.447000e+03</td>\n",
       "      <td>5.220000e+02</td>\n",
       "    </tr>\n",
       "    <tr>\n",
       "      <th>Şırnak</th>\n",
       "      <td>1.417000e+03</td>\n",
       "      <td>9.820000e+02</td>\n",
       "      <td>1.098000e+03</td>\n",
       "      <td>5.210000e+02</td>\n",
       "      <td>1.415000e+03</td>\n",
       "      <td>4.800000e+02</td>\n",
       "      <td>5.080000e+02</td>\n",
       "      <td>8.700000e+02</td>\n",
       "      <td>3.710000e+02</td>\n",
       "      <td>6.240000e+02</td>\n",
       "      <td>2.820000e+02</td>\n",
       "      <td>6.300000e+02</td>\n",
       "      <td>1.447000e+03</td>\n",
       "      <td>1.000000e+09</td>\n",
       "      <td>1.073000e+03</td>\n",
       "    </tr>\n",
       "    <tr>\n",
       "      <th>Konya</th>\n",
       "      <td>5.370000e+02</td>\n",
       "      <td>5.120000e+02</td>\n",
       "      <td>5.920000e+02</td>\n",
       "      <td>8.780000e+02</td>\n",
       "      <td>4.900000e+02</td>\n",
       "      <td>6.890000e+02</td>\n",
       "      <td>5.650000e+02</td>\n",
       "      <td>5.560000e+02</td>\n",
       "      <td>7.020000e+02</td>\n",
       "      <td>1.137000e+03</td>\n",
       "      <td>8.780000e+02</td>\n",
       "      <td>4.430000e+02</td>\n",
       "      <td>5.220000e+02</td>\n",
       "      <td>1.073000e+03</td>\n",
       "      <td>1.000000e+09</td>\n",
       "    </tr>\n",
       "  </tbody>\n",
       "</table>\n",
       "</div>"
      ],
      "text/plain": [
       "                  Bartın        Amasya        Samsun       Tunceli  \\\n",
       "İL ADI                                                               \n",
       "Bartın      1.000000e+09  4.350000e+02  4.810000e+02  9.330000e+02   \n",
       "Amasya      4.350000e+02  1.000000e+09  1.310000e+02  4.980000e+02   \n",
       "Samsun      4.810000e+02  1.310000e+02  1.000000e+09  5.770000e+02   \n",
       "Tunceli     9.330000e+02  4.980000e+02  5.770000e+02  1.000000e+09   \n",
       "Düzce       2.030000e+02  4.540000e+02  5.170000e+02  9.520000e+02   \n",
       "Adıyaman    1.038000e+03  6.340000e+02  7.520000e+02  4.190000e+02   \n",
       "Gaziantep   9.540000e+02  6.070000e+02  7.250000e+02  4.810000e+02   \n",
       "Tokat       5.490000e+02  1.140000e+02  2.300000e+02  4.370000e+02   \n",
       "Şanlıurfa   1.091000e+03  7.180000e+02  8.360000e+02  4.530000e+02   \n",
       "Kars        1.192000e+03  7.570000e+02  7.620000e+02  4.430000e+02   \n",
       "Diyarbakır  1.135000e+03  7.000000e+02  8.180000e+02  2.770000e+02   \n",
       "Osmaniye    8.560000e+02  6.290000e+02  7.470000e+02  5.390000e+02   \n",
       "Zonguldak   8.900000e+01  4.860000e+02  5.490000e+02  9.840000e+02   \n",
       "Şırnak      1.417000e+03  9.820000e+02  1.098000e+03  5.210000e+02   \n",
       "Konya       5.370000e+02  5.120000e+02  5.920000e+02  8.780000e+02   \n",
       "\n",
       "                   Düzce      Adıyaman     Gaziantep         Tokat  \\\n",
       "İL ADI                                                               \n",
       "Bartın      2.030000e+02  1.038000e+03  9.540000e+02  5.490000e+02   \n",
       "Amasya      4.540000e+02  6.340000e+02  6.070000e+02  1.140000e+02   \n",
       "Samsun      5.170000e+02  7.520000e+02  7.250000e+02  2.300000e+02   \n",
       "Tunceli     9.520000e+02  4.190000e+02  4.810000e+02  4.370000e+02   \n",
       "Düzce       1.000000e+09  9.910000e+02  9.070000e+02  5.680000e+02   \n",
       "Adıyaman    9.910000e+02  1.000000e+09  1.500000e+02  5.220000e+02   \n",
       "Gaziantep   9.070000e+02  1.500000e+02  1.000000e+09  4.950000e+02   \n",
       "Tokat       5.680000e+02  5.220000e+02  4.950000e+02  1.000000e+09   \n",
       "Şanlıurfa   1.044000e+03  1.100000e+02  1.370000e+02  6.060000e+02   \n",
       "Kars        1.211000e+03  7.320000e+02  8.400000e+02  6.960000e+02   \n",
       "Diyarbakır  1.146000e+03  2.050000e+02  3.130000e+02  5.880000e+02   \n",
       "Osmaniye    8.090000e+02  2.460000e+02  1.220000e+02  5.170000e+02   \n",
       "Zonguldak   1.140000e+02  1.023000e+03  9.390000e+02  6.000000e+02   \n",
       "Şırnak      1.415000e+03  4.800000e+02  5.080000e+02  8.700000e+02   \n",
       "Konya       4.900000e+02  6.890000e+02  5.650000e+02  5.560000e+02   \n",
       "\n",
       "               Şanlıurfa          Kars    Diyarbakır      Osmaniye  \\\n",
       "İL ADI                                                               \n",
       "Bartın      1.091000e+03  1.192000e+03  1.135000e+03  8.560000e+02   \n",
       "Amasya      7.180000e+02  7.570000e+02  7.000000e+02  6.290000e+02   \n",
       "Samsun      8.360000e+02  7.620000e+02  8.180000e+02  7.470000e+02   \n",
       "Tunceli     4.530000e+02  4.430000e+02  2.770000e+02  5.390000e+02   \n",
       "Düzce       1.044000e+03  1.211000e+03  1.146000e+03  8.090000e+02   \n",
       "Adıyaman    1.100000e+02  7.320000e+02  2.050000e+02  2.460000e+02   \n",
       "Gaziantep   1.370000e+02  8.400000e+02  3.130000e+02  1.220000e+02   \n",
       "Tokat       6.060000e+02  6.960000e+02  5.880000e+02  5.170000e+02   \n",
       "Şanlıurfa   1.000000e+09  7.030000e+02  1.760000e+02  2.590000e+02   \n",
       "Kars        7.030000e+02  1.000000e+09  5.270000e+02  9.240000e+02   \n",
       "Diyarbakır  1.760000e+02  5.270000e+02  1.000000e+09  4.350000e+02   \n",
       "Osmaniye    2.590000e+02  9.240000e+02  4.350000e+02  1.000000e+09   \n",
       "Zonguldak   1.076000e+03  1.243000e+03  1.178000e+03  8.410000e+02   \n",
       "Şırnak      3.710000e+02  6.240000e+02  2.820000e+02  6.300000e+02   \n",
       "Konya       7.020000e+02  1.137000e+03  8.780000e+02  4.430000e+02   \n",
       "\n",
       "               Zonguldak        Şırnak         Konya  \n",
       "İL ADI                                                \n",
       "Bartın      8.900000e+01  1.417000e+03  5.370000e+02  \n",
       "Amasya      4.860000e+02  9.820000e+02  5.120000e+02  \n",
       "Samsun      5.490000e+02  1.098000e+03  5.920000e+02  \n",
       "Tunceli     9.840000e+02  5.210000e+02  8.780000e+02  \n",
       "Düzce       1.140000e+02  1.415000e+03  4.900000e+02  \n",
       "Adıyaman    1.023000e+03  4.800000e+02  6.890000e+02  \n",
       "Gaziantep   9.390000e+02  5.080000e+02  5.650000e+02  \n",
       "Tokat       6.000000e+02  8.700000e+02  5.560000e+02  \n",
       "Şanlıurfa   1.076000e+03  3.710000e+02  7.020000e+02  \n",
       "Kars        1.243000e+03  6.240000e+02  1.137000e+03  \n",
       "Diyarbakır  1.178000e+03  2.820000e+02  8.780000e+02  \n",
       "Osmaniye    8.410000e+02  6.300000e+02  4.430000e+02  \n",
       "Zonguldak   1.000000e+09  1.447000e+03  5.220000e+02  \n",
       "Şırnak      1.447000e+03  1.000000e+09  1.073000e+03  \n",
       "Konya       5.220000e+02  1.073000e+03  1.000000e+09  "
      ]
     },
     "execution_count": 84,
     "metadata": {},
     "output_type": "execute_result"
    }
   ],
   "source": [
    "# import data from excel file\n",
    "# fill null values(from city i to i) with a very large number\n",
    "# delete unnecessary columns\n",
    "# choose 15 cities randomly and set a list of 15 cities to use for distance list  \n",
    "# set the cities column as new index\n",
    "\n",
    "data = pd.read_excel(\"Desktop/TR81_KGM.xls\")\n",
    "data.fillna(value = 1000000000, inplace = True)\n",
    "data = data.drop(['İL NO'], axis=1)\n",
    "data = data.drop(['İL ADI.1'], axis=1)\n",
    "data = data.drop(['İL NO.1'], axis=1)\n",
    "\n",
    "all_cities = data['İL ADI'].values.tolist()\n",
    "random.seed(10)\n",
    "cities1 = random.sample(all_cities, 15)\n",
    "\n",
    "data = data.set_index('İL ADI')\n",
    "data1 = data.loc[cities1,cities1]\n",
    "data1\n"
   ]
  },
  {
   "cell_type": "code",
   "execution_count": 85,
   "id": "f2d9fe4c",
   "metadata": {},
   "outputs": [],
   "source": [
    "# making a list with all cities' combinations of 2 and the distances between them\n",
    "\n",
    "dist1 = {(c1, c2): data1.loc[c1, c2] for c1, c2 in combinations(cities1, 2)}"
   ]
  },
  {
   "cell_type": "code",
   "execution_count": 86,
   "id": "0dbce3b0",
   "metadata": {},
   "outputs": [],
   "source": [
    "#Creating Model\n",
    "\n",
    "m = gp.Model()\n",
    "\n",
    "# Adding variable xi,j\n",
    "vars = m.addVars(dist1.keys(), obj=dist1, vtype=GRB.BINARY, name='x')\n",
    "\n",
    "# Symmetry Constraints (2)\n",
    "for i, j in vars.keys():\n",
    "    vars[j, i] = vars[i, j]\n",
    "\n",
    "# Entering and leaving a city constraints (3):\n",
    "cons = m.addConstrs(vars.sum(c, '*') == 2 for c in cities1)"
   ]
  },
  {
   "cell_type": "code",
   "execution_count": 87,
   "id": "36811f62",
   "metadata": {},
   "outputs": [],
   "source": [
    "# Lazy constraints to eliminate sub-tours (4)\n",
    "# function finds the shortest subtour and then adds that subtour as a constraint to subtour elimination\n",
    "\n",
    "def subtourelim(model, where):\n",
    "    if where == GRB.Callback.MIPSOL:\n",
    "        vals = model.cbGetSolution(model._vars)\n",
    "        selected = gp.tuplelist((i, j) for i, j in model._vars.keys()\n",
    "                             if vals[i, j] > 0.5)\n",
    "        tour1 = subtour(selected)\n",
    "        if len(tour1) < len(cities1):\n",
    "            # add subtour elimination constraint for every pair of cities in subtour\n",
    "            model.cbLazy(gp.quicksum(model._vars[i, j] for i, j in combinations(tour1, 2)) <= len(tour1)-1)\n",
    "\n",
    "# To find the shortest subtour\n",
    "\n",
    "def subtour(edges):\n",
    "    unvisited = cities1[:]\n",
    "    cycle = cities1[:]\n",
    "    while unvisited: \n",
    "        thiscycle = []\n",
    "        neighbors = unvisited\n",
    "        while neighbors:\n",
    "            current = neighbors[0]\n",
    "            thiscycle.append(current)\n",
    "            unvisited.remove(current)\n",
    "            neighbors = [j for i, j in edges.select(current, '*')\n",
    "                         if j in unvisited]\n",
    "        if len(thiscycle) <= len(cycle):\n",
    "            cycle = thiscycle # cycle: New shortest subtour\n",
    "    return cycle"
   ]
  },
  {
   "cell_type": "code",
   "execution_count": 88,
   "id": "4e116695",
   "metadata": {},
   "outputs": [
    {
     "name": "stdout",
     "output_type": "stream",
     "text": [
      "Set parameter LazyConstraints to value 1\n",
      "Gurobi Optimizer version 10.0.0 build v10.0.0rc2 (mac64[rosetta2])\n",
      "\n",
      "CPU model: Apple M1\n",
      "Thread count: 8 physical cores, 8 logical processors, using up to 8 threads\n",
      "\n",
      "Optimize a model with 15 rows, 105 columns and 210 nonzeros\n",
      "Model fingerprint: 0xcde5fc46\n",
      "Variable types: 0 continuous, 105 integer (105 binary)\n",
      "Coefficient statistics:\n",
      "  Matrix range     [1e+00, 1e+00]\n",
      "  Objective range  [9e+01, 1e+03]\n",
      "  Bounds range     [1e+00, 1e+00]\n",
      "  RHS range        [2e+00, 2e+00]\n",
      "Presolve time: 0.00s\n",
      "Presolved: 15 rows, 105 columns, 210 nonzeros\n",
      "Variable types: 0 continuous, 105 integer (105 binary)\n",
      "Found heuristic solution: objective 4374.0000000\n",
      "\n",
      "Root relaxation: objective 3.868000e+03, 22 iterations, 0.00 seconds (0.00 work units)\n",
      "\n",
      "    Nodes    |    Current Node    |     Objective Bounds      |     Work\n",
      " Expl Unexpl |  Obj  Depth IntInf | Incumbent    BestBd   Gap | It/Node Time\n",
      "\n",
      "     0     0 3868.00000    0    6 4374.00000 3868.00000  11.6%     -    0s\n",
      "     0     0 3946.00000    0    - 4374.00000 3946.00000  9.79%     -    0s\n",
      "     0     0 4030.00000    0    - 4374.00000 4030.00000  7.86%     -    0s\n",
      "*    0     0               0    4206.0000000 4206.00000  0.00%     -    0s\n",
      "\n",
      "Cutting planes:\n",
      "  Gomory: 1\n",
      "  Zero half: 2\n",
      "  Lazy constraints: 2\n",
      "\n",
      "Explored 1 nodes (34 simplex iterations) in 0.01 seconds (0.00 work units)\n",
      "Thread count was 8 (of 8 available processors)\n",
      "\n",
      "Solution count 2: 4206 4374 \n",
      "\n",
      "Optimal solution found (tolerance 1.00e-04)\n",
      "Best objective 4.206000000000e+03, best bound 4.206000000000e+03, gap 0.0000%\n",
      "\n",
      "User-callback calls 117, time in user-callback 0.00 sec\n"
     ]
    }
   ],
   "source": [
    "# adding variables and constraints and running the model\n",
    "\n",
    "m._vars = vars\n",
    "m.Params.lazyConstraints = 1\n",
    "m.optimize(subtourelim)"
   ]
  },
  {
   "cell_type": "code",
   "execution_count": 89,
   "id": "2e8de622",
   "metadata": {},
   "outputs": [],
   "source": [
    "# verifying that the optimal tour goes to all the cities and returns to the origin city\n",
    "\n",
    "vals = m.getAttr('x', vars)\n",
    "selected = gp.tuplelist((i, j) for i, j in vals.keys() if vals[i, j] > 0.5)\n",
    "\n",
    "tour = subtour(selected)\n",
    "assert len(tour1) == len(cities1)"
   ]
  },
  {
   "cell_type": "code",
   "execution_count": 90,
   "id": "55acd0c8",
   "metadata": {},
   "outputs": [],
   "source": [
    "# Read cities names and coordinates from json file\n",
    "# Create a coordinates list for the map\n",
    "\n",
    "import json\n",
    "\n",
    "try:\n",
    "  cities_of_turkey_json = json.load(open('cities_of_turkey.json'))\n",
    "except:\n",
    "  import urllib.request\n",
    "  url = 'https://gist.githubusercontent.com/ozdemirburak/4821a26db048cc0972c1beee48a408de/raw/4754e5f9d09dade2e6c461d7e960e13ef38eaa88/cities_of_turkey.json'\n",
    "  data = urllib.request.urlopen(url).read()\n",
    "  cities_of_turkey_json = json.loads(data)\n",
    "\n",
    "name = []\n",
    "coordinates = {}\n",
    "for i in cities_of_turkey_json:\n",
    "      city = i['name']\n",
    "      cities1.append(city)\n",
    "      coordinates[city] = (float(i['latitude']), float(i['longitude']))"
   ]
  },
  {
   "cell_type": "code",
   "execution_count": 91,
   "id": "c6595b5f",
   "metadata": {},
   "outputs": [
    {
     "data": {
      "text/html": [
       "<div style=\"width:100%;\"><div style=\"position:relative;width:100%;height:0;padding-bottom:60%;\"><span style=\"color:#565656\">Make this Notebook Trusted to load map: File -> Trust Notebook</span><iframe srcdoc=\"&lt;!DOCTYPE html&gt;\n",
       "&lt;html&gt;\n",
       "&lt;head&gt;\n",
       "    \n",
       "    &lt;meta http-equiv=&quot;content-type&quot; content=&quot;text/html; charset=UTF-8&quot; /&gt;\n",
       "    \n",
       "        &lt;script&gt;\n",
       "            L_NO_TOUCH = false;\n",
       "            L_DISABLE_3D = false;\n",
       "        &lt;/script&gt;\n",
       "    \n",
       "    &lt;style&gt;html, body {width: 100%;height: 100%;margin: 0;padding: 0;}&lt;/style&gt;\n",
       "    &lt;style&gt;#map {position:absolute;top:0;bottom:0;right:0;left:0;}&lt;/style&gt;\n",
       "    &lt;script src=&quot;https://cdn.jsdelivr.net/npm/leaflet@1.9.3/dist/leaflet.js&quot;&gt;&lt;/script&gt;\n",
       "    &lt;script src=&quot;https://code.jquery.com/jquery-1.12.4.min.js&quot;&gt;&lt;/script&gt;\n",
       "    &lt;script src=&quot;https://cdn.jsdelivr.net/npm/bootstrap@5.2.2/dist/js/bootstrap.bundle.min.js&quot;&gt;&lt;/script&gt;\n",
       "    &lt;script src=&quot;https://cdnjs.cloudflare.com/ajax/libs/Leaflet.awesome-markers/2.0.2/leaflet.awesome-markers.js&quot;&gt;&lt;/script&gt;\n",
       "    &lt;link rel=&quot;stylesheet&quot; href=&quot;https://cdn.jsdelivr.net/npm/leaflet@1.9.3/dist/leaflet.css&quot;/&gt;\n",
       "    &lt;link rel=&quot;stylesheet&quot; href=&quot;https://cdn.jsdelivr.net/npm/bootstrap@5.2.2/dist/css/bootstrap.min.css&quot;/&gt;\n",
       "    &lt;link rel=&quot;stylesheet&quot; href=&quot;https://netdna.bootstrapcdn.com/bootstrap/3.0.0/css/bootstrap.min.css&quot;/&gt;\n",
       "    &lt;link rel=&quot;stylesheet&quot; href=&quot;https://cdn.jsdelivr.net/npm/@fortawesome/fontawesome-free@6.2.0/css/all.min.css&quot;/&gt;\n",
       "    &lt;link rel=&quot;stylesheet&quot; href=&quot;https://cdnjs.cloudflare.com/ajax/libs/Leaflet.awesome-markers/2.0.2/leaflet.awesome-markers.css&quot;/&gt;\n",
       "    &lt;link rel=&quot;stylesheet&quot; href=&quot;https://cdn.jsdelivr.net/gh/python-visualization/folium/folium/templates/leaflet.awesome.rotate.min.css&quot;/&gt;\n",
       "    \n",
       "            &lt;meta name=&quot;viewport&quot; content=&quot;width=device-width,\n",
       "                initial-scale=1.0, maximum-scale=1.0, user-scalable=no&quot; /&gt;\n",
       "            &lt;style&gt;\n",
       "                #map_549f40f89b73ec42aca6ac47947049dc {\n",
       "                    position: relative;\n",
       "                    width: 100.0%;\n",
       "                    height: 100.0%;\n",
       "                    left: 0.0%;\n",
       "                    top: 0.0%;\n",
       "                }\n",
       "                .leaflet-container { font-size: 1rem; }\n",
       "            &lt;/style&gt;\n",
       "        \n",
       "&lt;/head&gt;\n",
       "&lt;body&gt;\n",
       "    \n",
       "    \n",
       "            &lt;div class=&quot;folium-map&quot; id=&quot;map_549f40f89b73ec42aca6ac47947049dc&quot; &gt;&lt;/div&gt;\n",
       "        \n",
       "&lt;/body&gt;\n",
       "&lt;script&gt;\n",
       "    \n",
       "    \n",
       "            var map_549f40f89b73ec42aca6ac47947049dc = L.map(\n",
       "                &quot;map_549f40f89b73ec42aca6ac47947049dc&quot;,\n",
       "                {\n",
       "                    center: [40.0, 35.0],\n",
       "                    crs: L.CRS.EPSG3857,\n",
       "                    zoom: 6,\n",
       "                    zoomControl: true,\n",
       "                    preferCanvas: false,\n",
       "                }\n",
       "            );\n",
       "\n",
       "            \n",
       "\n",
       "        \n",
       "    \n",
       "            var tile_layer_8a34efa75b5d87bd7b44fe3b04926237 = L.tileLayer(\n",
       "                &quot;https://{s}.tile.openstreetmap.org/{z}/{x}/{y}.png&quot;,\n",
       "                {&quot;attribution&quot;: &quot;Data by \\u0026copy; \\u003ca target=\\&quot;_blank\\&quot; href=\\&quot;http://openstreetmap.org\\&quot;\\u003eOpenStreetMap\\u003c/a\\u003e, under \\u003ca target=\\&quot;_blank\\&quot; href=\\&quot;http://www.openstreetmap.org/copyright\\&quot;\\u003eODbL\\u003c/a\\u003e.&quot;, &quot;detectRetina&quot;: false, &quot;maxNativeZoom&quot;: 18, &quot;maxZoom&quot;: 18, &quot;minZoom&quot;: 0, &quot;noWrap&quot;: false, &quot;opacity&quot;: 1, &quot;subdomains&quot;: &quot;abc&quot;, &quot;tms&quot;: false}\n",
       "            ).addTo(map_549f40f89b73ec42aca6ac47947049dc);\n",
       "        \n",
       "    \n",
       "            var poly_line_315a75fc73e76cd3db117228f6bed752 = L.polyline(\n",
       "                [[41.5811, 32.461], [41.2928, 36.3313], [40.6499, 35.8353], [40.3167, 36.55], [39.3074, 39.4388], [40.6167, 43.1], [37.4187, 42.4918], [37.9144, 40.2306], [37.1591, 38.7969], [37.7648, 38.2786], [37.0662, 37.3833], [37.213, 36.1763], [37.8667, 32.4833], [40.8438, 31.1565], [41.4564, 31.7987], [41.5811, 32.461]],\n",
       "                {&quot;bubblingMouseEvents&quot;: true, &quot;color&quot;: &quot;#3388ff&quot;, &quot;dashArray&quot;: null, &quot;dashOffset&quot;: null, &quot;fill&quot;: false, &quot;fillColor&quot;: &quot;#3388ff&quot;, &quot;fillOpacity&quot;: 0.2, &quot;fillRule&quot;: &quot;evenodd&quot;, &quot;lineCap&quot;: &quot;round&quot;, &quot;lineJoin&quot;: &quot;round&quot;, &quot;noClip&quot;: false, &quot;opacity&quot;: 1.0, &quot;smoothFactor&quot;: 1.0, &quot;stroke&quot;: true, &quot;weight&quot;: 3}\n",
       "            ).addTo(map_549f40f89b73ec42aca6ac47947049dc);\n",
       "        \n",
       "&lt;/script&gt;\n",
       "&lt;/html&gt;\" style=\"position:absolute;width:100%;height:100%;left:0;top:0;border:none !important;\" allowfullscreen webkitallowfullscreen mozallowfullscreen></iframe></div></div>"
      ],
      "text/plain": [
       "<folium.folium.Map at 0x7f8861bd2760>"
      ]
     },
     "execution_count": 91,
     "metadata": {},
     "output_type": "execute_result"
    }
   ],
   "source": [
    "# Map the solution\n",
    "\n",
    "import folium\n",
    "\n",
    "map = folium.Map(location=[40,35], zoom_start = 6)\n",
    "\n",
    "points = []\n",
    "for city in tour1:\n",
    "  points.append(coordinates[city])\n",
    "points.append(points[0])\n",
    "\n",
    "folium.PolyLine(points).add_to(map)\n",
    "\n",
    "map"
   ]
  },
  {
   "cell_type": "code",
   "execution_count": 92,
   "id": "9e3bcbe9",
   "metadata": {},
   "outputs": [
    {
     "data": {
      "text/plain": [
       "['Bartın',\n",
       " 'Samsun',\n",
       " 'Amasya',\n",
       " 'Tokat',\n",
       " 'Tunceli',\n",
       " 'Kars',\n",
       " 'Şırnak',\n",
       " 'Diyarbakır',\n",
       " 'Şanlıurfa',\n",
       " 'Adıyaman',\n",
       " 'Gaziantep',\n",
       " 'Osmaniye',\n",
       " 'Konya',\n",
       " 'Düzce',\n",
       " 'Zonguldak']"
      ]
     },
     "execution_count": 92,
     "metadata": {},
     "output_type": "execute_result"
    }
   ],
   "source": [
    "# list of the visited cities in order\n",
    "\n",
    "tour1"
   ]
  }
 ],
 "metadata": {
  "kernelspec": {
   "display_name": "Python 3 (ipykernel)",
   "language": "python",
   "name": "python3"
  },
  "language_info": {
   "codemirror_mode": {
    "name": "ipython",
    "version": 3
   },
   "file_extension": ".py",
   "mimetype": "text/x-python",
   "name": "python",
   "nbconvert_exporter": "python",
   "pygments_lexer": "ipython3",
   "version": "3.9.12"
  }
 },
 "nbformat": 4,
 "nbformat_minor": 5
}
